Target nodes: [12, 5, 2, 1, 3, 14, 20, 21, 22]

Edges to remove per target node:
[
  [(0, 4), (1, 21), (0, 21), (2, 3), (1, 19), (1, 17), (1, 30), (2, 27), (0, 5), (0, 6)],
  [(2, 8), (2, 7), (1, 13), (0, 10), (1, 7), (0, 12), (0, 11), (1, 3), (0, 7), (0, 8)],
  [(0, 21), (9, 33), (1, 2), (0, 17), (2, 3), (2, 0), (0, 5), (6, 16), (4, 0), (6, 4)],
  [(2, 9), (3, 0), (2, 32), (2, 13), (0, 21), (2, 27), (2, 3), (2, 28), (0, 19), (2, 1)],
  [(1, 21), (1, 19), (0, 17), (2, 0), (0, 19), (0, 13), (2, 1), (0, 21), (0, 3), (1, 30)],
  [(10, 4), (7, 1), (15, 33), (8, 2), (7, 3), (13, 3), (10, 5), (14, 33), (13, 2), (12, 3)],
  [(8, 0), (15, 33), (10, 4), (7, 3), (13, 0), (7, 1), (12, 3), (8, 30), (7, 0), (6, 16)],
  [(0, 5), (0, 1), (2, 32), (3, 0), (2, 13), (2, 0), (0, 4), (2, 28), (1, 17), (0, 17)],
  [(7, 1), (11, 0), (15, 33), (6, 5), (7, 0), (14, 32), (10, 5), (7, 3), (10, 4), (7, 2)]
]
