Target nodes: [12, 23, 2, 33, 5, 6, 7, 10, 22, 8]

Edges to remove per target node:
[
  [(0, 4), (1, 21), (0, 5), (2, 3), (0, 21), (0, 6), (1, 17), (1, 3), (1, 30), (1, 19)],
  [(3, 2), (8, 30), (3, 1), (3, 13), (4, 6), (13, 3), (6, 0), (3, 12), (4, 10), (14, 32)],
  [(1, 2), (0, 21), (0, 17), (2, 3), (9, 33), (4, 0), (2, 0), (0, 5), (6, 4), (0, 13)],
  [(4, 10), (7, 2), (8, 0), (7, 0), (7, 1), (7, 3), (9, 33), (11, 0), (10, 5), (13, 2)],
  [(2, 8), (2, 7), (1, 13), (1, 7), (1, 3), (0, 12), (0, 11), (0, 10), (0, 7), (0, 8)],
  [(2, 7), (2, 8), (0, 11), (1, 7), (0, 12), (0, 7), (1, 13), (0, 8), (0, 10), (1, 3)],
  [(0, 5), (0, 6), (0, 3), (0, 4), (2, 3), (0, 2), (1, 21), (0, 21), (0, 1), (2, 0)],
  [(1, 7), (0, 11), (1, 13), (0, 7), (0, 12), (2, 7), (0, 8), (0, 10), (1, 3), (1, 17)],
  [(15, 33), (7, 1), (10, 4), (8, 30), (7, 2), (8, 0), (13, 0), (10, 5), (7, 0), (12, 3)],
  [(8, 32), (14, 33), (5, 6), (6, 5), (15, 33), (5, 0), (0, 2), (1, 0), (7, 2), (3, 7)]
]
