Target nodes: [12, 5, 2, 1, 3, 14, 20, 21, 22]

Edges to remove per target node:
[
  [(12, 0), (3, 0), (3, 2), (3, 1), (13, 3), (7, 0), (7, 2), (30, 1), (2, 1), (13, 1)],
  [(5, 0), (10, 5), (6, 5), (6, 0), (4, 0), (31, 0), (8, 0), (2, 0), (33, 19), (30, 1)],
  [(9, 2), (27, 2), (32, 2), (28, 2), (8, 2), (2, 0), (2, 1), (13, 2), (3, 2), (7, 0)],
  [(30, 1), (2, 1), (19, 1), (13, 1), (1, 0), (3, 1), (7, 1), (21, 1), (31, 0), (19, 0)],
  [(3, 2), (3, 0), (13, 3), (3, 1), (7, 3), (31, 0), (8, 0), (2, 0), (13, 0), (19, 0)],
  [(33, 14), (32, 2), (32, 31), (32, 8), (32, 30), (33, 32), (32, 23), (32, 29), (32, 20), (32, 15)],
  [(33, 20), (32, 2), (32, 31), (32, 8), (32, 30), (33, 32), (32, 23), (32, 29), (32, 14), (32, 18)],
  [(21, 0), (30, 1), (2, 1), (19, 1), (1, 0), (13, 1), (3, 1), (7, 1), (31, 0), (19, 0)],
  [(33, 22), (32, 2), (32, 31), (32, 8), (32, 30), (33, 32), (32, 23), (32, 29), (32, 18), (32, 15)]
]
