Target nodes: [12, 23, 2, 33, 1, 5, 30, 20, 4, 8]

Edges to remove per target node:
[
  [(6, 4), (20, 3), (9, 52), (19, 56), (6, 7), (9, 45), (19, 10), (12, 41), (5, 6), (14, 12)],
  [(18, 12), (9, 52), (9, 41), (7, 6), (9, 27), (7, 2), (19, 55), (8, 40), (18, 3), (8, 11)],
  [(1, 0), (0, 5), (2, 0), (0, 1), (3, 5), (1, 5), (3, 1), (0, 6), (3, 0), (0, 2)],
  [(9, 47), (11, 8), (11, 17), (8, 10), (9, 41), (11, 9), (10, 19), (10, 21), (9, 27), (9, 45)],
  [(0, 3), (1, 6), (1, 0), (2, 4), (3, 0), (1, 3), (1, 5), (3, 5), (0, 1), (0, 5)],
  [(0, 1), (0, 2), (2, 5), (0, 5), (0, 6), (1, 3), (3, 1), (1, 5), (1, 0), (2, 4)],
  [(31, 82), (31, 91), (45, 40), (32, 8), (26, 8), (30, 80), (31, 76), (33, 32), (30, 84), (33, 39)],
  [(20, 49), (15, 12), (20, 53), (14, 26), (17, 47), (20, 57), (14, 25), (17, 11), (14, 58), (8, 12)],
  [(1, 0), (0, 2), (1, 5), (0, 6), (2, 4), (9, 3), (8, 46), (3, 1), (8, 45), (23, 54)],
  [(9, 47), (12, 33), (9, 52), (10, 21), (7, 14), (8, 11), (9, 51), (12, 47), (9, 45), (14, 12)]
]
