Target nodes: [12, 23, 2, 33, 5, 6, 7, 10, 22, 8]

Edges to remove per target node:
[
  [(102, 46), (103, 67), (104, 67), (76, 53), (77, 19), (51, 9), (58, 14), (58, 50), (14, 7), (52, 9)],
  [(23, 3), (23, 12), (23, 8), (47, 23), (27, 23), (54, 23), (33, 23), (23, 21), (32, 8), (32, 12)],
  [(7, 2), (4, 2), (5, 2), (3, 0), (4, 0), (6, 0), (5, 0), (3, 1), (6, 1), (5, 3)],
  [(33, 8), (47, 33), (33, 12), (33, 10), (33, 23), (33, 32), (39, 33), (37, 33), (38, 12), (38, 10)],
  [(5, 3), (7, 5), (6, 5), (5, 4), (5, 0), (5, 1), (7, 2), (4, 2), (3, 0), (4, 0)],
  [(7, 6), (12, 6), (10, 6), (22, 6), (25, 6), (18, 6), (29, 6), (6, 4), (6, 5), (6, 0)],
  [(71, 7), (30, 7), (58, 7), (85, 7), (14, 7), (7, 6), (7, 5), (4, 2), (5, 2), (3, 0)],
  [(10, 6), (77, 19), (102, 46), (11, 10), (10, 3), (10, 8), (12, 10), (21, 10), (33, 10), (35, 10)],
  [(52, 22), (22, 6), (22, 3), (22, 11), (22, 8), (40, 22), (40, 25), (25, 3), (25, 14), (7, 6)],
  [(102, 46), (103, 67), (104, 67), (76, 53), (77, 19), (51, 9), (58, 14), (58, 50), (14, 7), (52, 9)]
]
