Target nodes: [12, 23, 2, 33, 1, 5, 30, 20, 4, 8]

Edges to remove per target node:
[
  [(20, 3), (6, 4), (6, 5), (19, 56), (6, 7), (9, 47), (9, 52), (11, 17), (12, 11), (19, 10)],
  [(9, 52), (18, 12), (7, 2), (19, 55), (9, 41), (7, 5), (9, 27), (8, 11), (18, 3), (18, 6)],
  [(3, 5), (1, 0), (0, 5), (2, 0), (0, 2), (3, 0), (0, 6), (1, 5), (3, 1), (0, 1)],
  [(11, 17), (11, 8), (9, 47), (10, 19), (10, 38), (8, 10), (9, 27), (10, 37), (11, 9), (9, 41)],
  [(1, 0), (2, 4), (3, 0), (1, 6), (0, 2), (0, 1), (1, 3), (1, 5), (0, 3), (2, 5)],
  [(0, 1), (3, 1), (0, 2), (0, 6), (2, 5), (2, 4), (0, 5), (1, 3), (1, 5), (3, 8)],
  [(31, 82), (31, 91), (31, 78), (24, 26), (30, 80), (30, 86), (45, 40), (33, 32), (30, 82), (35, 38)],
  [(20, 49), (15, 12), (20, 53), (14, 25), (17, 12), (14, 26), (20, 40), (17, 47), (17, 11), (8, 14)],
  [(1, 5), (0, 2), (1, 0), (8, 45), (9, 3), (8, 46), (0, 6), (2, 4), (3, 1), (26, 40)],
  [(12, 32), (9, 52), (12, 33), (12, 41), (10, 21), (12, 40), (9, 47), (13, 8), (8, 11), (7, 6)]
]
