Target nodes: [12, 23, 1, 11, 13, 8, 10, 14, 15, 20]

Edges to remove per target node:
[
  [(102, 46), (103, 67), (104, 67), (76, 53), (77, 19), (51, 9), (58, 14), (58, 50), (14, 7), (52, 9)],
  [(23, 3), (23, 12), (23, 8), (47, 23), (27, 23), (54, 23), (33, 23), (23, 21), (32, 8), (32, 12)],
  [(3, 1), (6, 1), (5, 1), (3, 0), (6, 0), (4, 0), (5, 0), (7, 2), (4, 2), (5, 3)],
  [(103, 67), (104, 67), (102, 46), (50, 11), (50, 9), (76, 53), (77, 19), (58, 14), (51, 9), (14, 7)],
  [(57, 13), (29, 13), (13, 3), (13, 11), (13, 12), (13, 8), (40, 13), (47, 13), (17, 13), (32, 13)],
  [(102, 46), (103, 67), (104, 67), (76, 53), (77, 19), (51, 9), (58, 14), (58, 50), (14, 7), (52, 9)],
  [(10, 6), (77, 19), (102, 46), (11, 10), (10, 3), (10, 8), (12, 10), (21, 10), (33, 10), (35, 10)],
  [(58, 14), (14, 7), (14, 9), (14, 12), (14, 8), (14, 3), (14, 11), (26, 14), (25, 3), (40, 25)],
  [(15, 3), (15, 12), (15, 10), (55, 15), (16, 3), (10, 6), (10, 3), (11, 10), (10, 8), (12, 10)],
  [(49, 20), (20, 3), (20, 11), (20, 8), (20, 9), (40, 20), (24, 20), (53, 20), (57, 20), (48, 9)]
]
